{
  "advancedEditorSelectedIdentifier" : "ProjectBrowser",
  "openSceneRelativePaths" : [
    "Materials\/GridMaterial.usda",
    "ImmersiveScene.usda"
  ],
  "recentIdentifiers" : {
    "5CE4005B-0877-4425-BB2E-0623B8E48E79" : [

    ],
    "26DBAE76-5DD8-47B6-A085-1B4ADA111097" : [

    ]
  },
  "sceneCameraHistory" : {
    "5CE4005B-0877-4425-BB2E-0623B8E48E79" : [
      {
        "date" : 729098061.910019,
        "title" : "Untitled",
        "transform" : [
          0.97726905,
          1.2121646e-09,
          0.21200293,
          0,
          0.10345408,
          0.8728525,
          -0.47689182,
          0,
          -0.18504727,
          0.4879842,
          0.85301167,
          0,
          -0.068529405,
          0.31239212,
          0.4923162,
          1
        ]
      },
      {
        "date" : 729097762.252304,
        "title" : "Untitled",
        "transform" : [
          0.97726905,
          1.2121646e-09,
          0.21200293,
          0,
          0.10345408,
          0.8728525,
          -0.47689182,
          0,
          -0.18504727,
          0.4879842,
          0.85301167,
          0,
          -0.10826666,
          0.2855074,
          0.4990757,
          1
        ]
      },
      {
        "date" : 729097661.510724,
        "title" : "Untitled",
        "transform" : [
          0.9760267,
          1.2121646e-09,
          0.217651,
          0,
          0.10621025,
          0.8728525,
          -0.47628558,
          0,
          -0.1899772,
          0.4879842,
          0.8519273,
          0,
          -0.19755152,
          0.5074398,
          0.8858929,
          1
        ]
      },
      {
        "date" : 729097653.010685,
        "title" : "Untitled",
        "transform" : [
          0.9760267,
          1.2121646e-09,
          0.217651,
          0,
          0.10621025,
          0.8728525,
          -0.47628558,
          0,
          -0.1899772,
          0.4879842,
          0.8519273,
          0,
          -0.41699216,
          1.071105,
          1.8699447,
          1
        ]
      },
      {
        "date" : 729097650.943965,
        "title" : "Untitled",
        "transform" : [
          0.9760267,
          1.2121646e-09,
          0.217651,
          0,
          0.10621025,
          0.8728525,
          -0.47628558,
          0,
          -0.1899772,
          0.4879842,
          0.8519273,
          0,
          -0.5227355,
          1.342722,
          2.3441362,
          1
        ]
      },
      {
        "date" : 729097649.527386,
        "title" : "Untitled",
        "transform" : [
          0.9760267,
          1.2121646e-09,
          0.217651,
          0,
          0.10621025,
          0.8728525,
          -0.47628558,
          0,
          -0.1899772,
          0.4879842,
          0.8519273,
          0,
          -0.24988809,
          0.64187384,
          1.1205891,
          1
        ]
      },
      {
        "date" : 729097639.913181,
        "title" : "Untitled",
        "transform" : [
          0.97059184,
          1.2121646e-09,
          0.24073134,
          0,
          0.11747309,
          0.8728525,
          -0.47363347,
          0,
          -0.21012294,
          0.4879842,
          0.84718347,
          0,
          -0.09496322,
          0.22054012,
          0.382877,
          1
        ]
      },
      {
        "date" : 729097487.5315,
        "title" : "Untitled",
        "transform" : [
          0.9705918,
          3.2953382e-09,
          0.24073133,
          0,
          0.11747307,
          0.8728524,
          -0.47363338,
          0,
          -0.21012291,
          0.48798415,
          0.84718335,
          0,
          -0.09496322,
          0.22054012,
          0.382877,
          1
        ]
      },
      {
        "date" : 729097458.349615,
        "title" : "Untitled",
        "transform" : [
          0.8396363,
          3.6777505e-09,
          0.5431489,
          0,
          0.22226506,
          0.9124376,
          -0.3435924,
          0,
          -0.4955895,
          0.40921572,
          0.76611584,
          0,
          -0.19414677,
          0.16030991,
          0.30012518,
          1
        ]
      },
      {
        "date" : 728592364.907128,
        "title" : "Untitled",
        "transform" : [
          0.99999994,
          0,
          -0,
          0,
          -0,
          0.8660254,
          -0.49999994,
          0,
          0,
          0.49999994,
          0.8660254,
          0,
          0,
          0.19587454,
          0.3392647,
          1
        ]
      }
    ],
    "6DB258E7-F77C-401F-BE5A-525AD4A782B9" : [
      {
        "date" : 729131612.631522,
        "title" : "Untitled",
        "transform" : [
          0.99999994,
          0,
          0,
          0,
          0,
          0.8660254,
          -0.49999988,
          0,
          0,
          0.49999988,
          0.8660254,
          0,
          0.030696444,
          0.9312786,
          1.360347,
          1
        ]
      },
      {
        "date" : 729131607.315497,
        "title" : "Untitled",
        "transform" : [
          0.99999994,
          0,
          0,
          0,
          0,
          0.8660254,
          -0.49999988,
          0,
          0,
          0.49999988,
          0.8660254,
          0,
          -0.0036195875,
          0.52157164,
          0.8818259,
          1
        ]
      },
      {
        "date" : 729131507.886808,
        "title" : "Untitled",
        "transform" : [
          0.99999994,
          0,
          0,
          0,
          0,
          0.8660254,
          -0.49999988,
          0,
          0,
          0.49999988,
          0.8660254,
          0,
          0,
          0.23631132,
          0.40930322,
          1
        ]
      },
      {
        "date" : 729131408.353919,
        "title" : "Untitled",
        "transform" : [
          0.99999994,
          0,
          -0,
          0,
          -0,
          0.8660254,
          -0.49999988,
          0,
          0,
          0.49999988,
          0.8660254,
          0,
          0,
          0.19834754,
          0.34354803,
          1
        ]
      }
    ],
    "26DBAE76-5DD8-47B6-A085-1B4ADA111097" : [
      {
        "date" : 728592333.980392,
        "title" : "Untitled",
        "transform" : [
          0.98871,
          -1.5829894e-08,
          -0.14984193,
          0,
          -0.05771732,
          0.9228381,
          -0.38083932,
          0,
          0.13827986,
          0.38518813,
          0.9124192,
          0,
          0.017562278,
          0.042630285,
          0.13104653,
          1
        ]
      },
      {
        "date" : 728591864.794663,
        "title" : "Untitled",
        "transform" : [
          0.9887099,
          -1.78868e-08,
          -0.14984196,
          0,
          -0.057717353,
          0.9228381,
          -0.38083932,
          0,
          0.13827987,
          0.38518822,
          0.91241914,
          0,
          0.115048155,
          0.12361769,
          0.6676264,
          1
        ]
      },
      {
        "date" : 728591467.811855,
        "title" : "Untitled",
        "transform" : [
          0.9622265,
          -2.4201277e-08,
          -0.27225038,
          0,
          -0.17117703,
          0.77760875,
          -0.60499847,
          0,
          0.21170428,
          0.62874866,
          0.74823564,
          0,
          0.18073428,
          0.30877843,
          0.5884161,
          1
        ]
      },
      {
        "date" : 728591464.554209,
        "title" : "Untitled",
        "transform" : [
          0.9766569,
          -1.4186236e-08,
          -0.214805,
          0,
          -0.16070572,
          0.663533,
          -0.7306829,
          0,
          0.14253019,
          0.7481471,
          0.6480441,
          0,
          0.13288751,
          0.4057806,
          0.5402656,
          1
        ]
      },
      {
        "date" : 728591463.237623,
        "title" : "Untitled",
        "transform" : [
          0.9766569,
          -1.4186236e-08,
          -0.214805,
          0,
          -0.16070572,
          0.663533,
          -0.7306829,
          0,
          0.14253019,
          0.7481471,
          0.6480441,
          0,
          0.06906635,
          0.40121782,
          0.55957,
          1
        ]
      },
      {
        "date" : 728591452.370197,
        "title" : "Untitled",
        "transform" : [
          0.9766569,
          -1.4186236e-08,
          -0.214805,
          0,
          -0.16070572,
          0.663533,
          -0.7306829,
          0,
          0.14253019,
          0.7481471,
          0.6480441,
          0,
          0.09588758,
          0.5031673,
          0.4359734,
          1
        ]
      },
      {
        "date" : 728591435.40177,
        "title" : "Untitled",
        "transform" : [
          0.9766569,
          -1.4186236e-08,
          -0.214805,
          0,
          -0.16070572,
          0.663533,
          -0.7306829,
          0,
          0.14253019,
          0.7481471,
          0.6480441,
          0,
          0.05357084,
          0.28104484,
          0.24357125,
          1
        ]
      },
      {
        "date" : 728591403.945342,
        "title" : "Untitled",
        "transform" : [
          0.7236014,
          -1.4446414e-08,
          -0.690218,
          0,
          -0.5576522,
          0.5892699,
          -0.5846239,
          0,
          0.4067246,
          0.80793625,
          0.4263965,
          0,
          0.15287982,
          0.3035177,
          0.16027407,
          1
        ]
      },
      {
        "date" : 728591394.381738,
        "title" : "Untitled",
        "transform" : [
          0.6946781,
          7.108447e-10,
          0.7193207,
          0,
          0.27219865,
          0.92563784,
          -0.26287362,
          0,
          -0.66583043,
          0.37841067,
          0.6430203,
          0,
          -0.25020853,
          0.1420927,
          0.24163684,
          1
        ]
      },
      {
        "date" : 728591327.324854,
        "title" : "Untitled",
        "transform" : [
          0.6767596,
          9.2949155e-12,
          0.7362041,
          0,
          0.3689708,
          0.865343,
          -0.33917844,
          0,
          -0.637069,
          0.50118005,
          0.58562917,
          0,
          -0.2394113,
          0.1882285,
          0.22008014,
          1
        ]
      }
    ]
  },
  "selectedSceneRelativePath" : "ImmersiveScene.usda"
}