{
  "advancedEditorSelectedIdentifier" : "ProjectBrowser",
  "openSceneRelativePaths" : [
    "Scene.usda",
    "Materials\/GridMaterial.usda"
  ],
  "recentIdentifiers" : {
    "26DBAE76-5DD8-47B6-A085-1B4ADA111097" : [

    ]
  },
  "sceneCameraHistory" : {
    "5CE4005B-0877-4425-BB2E-0623B8E48E79" : [
      {
        "date" : 728592364.907128,
        "title" : "Untitled",
        "transform" : [
          0.99999994,
          0,
          -0,
          0,
          -0,
          0.8660254,
          -0.49999994,
          0,
          0,
          0.49999994,
          0.8660254,
          0,
          0,
          0.19587454,
          0.3392647,
          1
        ]
      }
    ],
    "26DBAE76-5DD8-47B6-A085-1B4ADA111097" : [
      {
        "date" : 728592333.980392,
        "title" : "Untitled",
        "transform" : [
          0.98871,
          -1.5829894e-08,
          -0.14984193,
          0,
          -0.05771732,
          0.9228381,
          -0.38083932,
          0,
          0.13827986,
          0.38518813,
          0.9124192,
          0,
          0.017562278,
          0.042630285,
          0.13104653,
          1
        ]
      },
      {
        "date" : 728591864.794663,
        "title" : "Untitled",
        "transform" : [
          0.9887099,
          -1.78868e-08,
          -0.14984196,
          0,
          -0.057717353,
          0.9228381,
          -0.38083932,
          0,
          0.13827987,
          0.38518822,
          0.91241914,
          0,
          0.115048155,
          0.12361769,
          0.6676264,
          1
        ]
      },
      {
        "date" : 728591467.811855,
        "title" : "Untitled",
        "transform" : [
          0.9622265,
          -2.4201277e-08,
          -0.27225038,
          0,
          -0.17117703,
          0.77760875,
          -0.60499847,
          0,
          0.21170428,
          0.62874866,
          0.74823564,
          0,
          0.18073428,
          0.30877843,
          0.5884161,
          1
        ]
      },
      {
        "date" : 728591464.554209,
        "title" : "Untitled",
        "transform" : [
          0.9766569,
          -1.4186236e-08,
          -0.214805,
          0,
          -0.16070572,
          0.663533,
          -0.7306829,
          0,
          0.14253019,
          0.7481471,
          0.6480441,
          0,
          0.13288751,
          0.4057806,
          0.5402656,
          1
        ]
      },
      {
        "date" : 728591463.237623,
        "title" : "Untitled",
        "transform" : [
          0.9766569,
          -1.4186236e-08,
          -0.214805,
          0,
          -0.16070572,
          0.663533,
          -0.7306829,
          0,
          0.14253019,
          0.7481471,
          0.6480441,
          0,
          0.06906635,
          0.40121782,
          0.55957,
          1
        ]
      },
      {
        "date" : 728591452.370197,
        "title" : "Untitled",
        "transform" : [
          0.9766569,
          -1.4186236e-08,
          -0.214805,
          0,
          -0.16070572,
          0.663533,
          -0.7306829,
          0,
          0.14253019,
          0.7481471,
          0.6480441,
          0,
          0.09588758,
          0.5031673,
          0.4359734,
          1
        ]
      },
      {
        "date" : 728591435.40177,
        "title" : "Untitled",
        "transform" : [
          0.9766569,
          -1.4186236e-08,
          -0.214805,
          0,
          -0.16070572,
          0.663533,
          -0.7306829,
          0,
          0.14253019,
          0.7481471,
          0.6480441,
          0,
          0.05357084,
          0.28104484,
          0.24357125,
          1
        ]
      },
      {
        "date" : 728591403.945342,
        "title" : "Untitled",
        "transform" : [
          0.7236014,
          -1.4446414e-08,
          -0.690218,
          0,
          -0.5576522,
          0.5892699,
          -0.5846239,
          0,
          0.4067246,
          0.80793625,
          0.4263965,
          0,
          0.15287982,
          0.3035177,
          0.16027407,
          1
        ]
      },
      {
        "date" : 728591394.381738,
        "title" : "Untitled",
        "transform" : [
          0.6946781,
          7.108447e-10,
          0.7193207,
          0,
          0.27219865,
          0.92563784,
          -0.26287362,
          0,
          -0.66583043,
          0.37841067,
          0.6430203,
          0,
          -0.25020853,
          0.1420927,
          0.24163684,
          1
        ]
      },
      {
        "date" : 728591327.324854,
        "title" : "Untitled",
        "transform" : [
          0.6767596,
          9.2949155e-12,
          0.7362041,
          0,
          0.3689708,
          0.865343,
          -0.33917844,
          0,
          -0.637069,
          0.50118005,
          0.58562917,
          0,
          -0.2394113,
          0.1882285,
          0.22008014,
          1
        ]
      }
    ]
  },
  "selectedSceneRelativePath" : "Scene.usda"
}