{
  "advancedEditorSelectedIdentifier" : "ProjectBrowser",
  "openSceneRelativePaths" : [
    "Scene.usda"
  ],
  "recentIdentifiers" : {
    "26DBAE76-5DD8-47B6-A085-1B4ADA111097" : [

    ]
  },
  "sceneCameraHistory" : {
    "26DBAE76-5DD8-47B6-A085-1B4ADA111097" : [
      {
        "date" : 728591467.811855,
        "title" : "Untitled",
        "transform" : [
          0.9622265,
          -2.4201277e-08,
          -0.27225038,
          0,
          -0.17117703,
          0.77760875,
          -0.60499847,
          0,
          0.21170428,
          0.62874866,
          0.74823564,
          0,
          0.18073428,
          0.30877843,
          0.5884161,
          1
        ]
      },
      {
        "date" : 728591464.554209,
        "title" : "Untitled",
        "transform" : [
          0.9766569,
          -1.4186236e-08,
          -0.214805,
          0,
          -0.16070572,
          0.663533,
          -0.7306829,
          0,
          0.14253019,
          0.7481471,
          0.6480441,
          0,
          0.13288751,
          0.4057806,
          0.5402656,
          1
        ]
      },
      {
        "date" : 728591463.237623,
        "title" : "Untitled",
        "transform" : [
          0.9766569,
          -1.4186236e-08,
          -0.214805,
          0,
          -0.16070572,
          0.663533,
          -0.7306829,
          0,
          0.14253019,
          0.7481471,
          0.6480441,
          0,
          0.06906635,
          0.40121782,
          0.55957,
          1
        ]
      },
      {
        "date" : 728591452.370197,
        "title" : "Untitled",
        "transform" : [
          0.9766569,
          -1.4186236e-08,
          -0.214805,
          0,
          -0.16070572,
          0.663533,
          -0.7306829,
          0,
          0.14253019,
          0.7481471,
          0.6480441,
          0,
          0.09588758,
          0.5031673,
          0.4359734,
          1
        ]
      },
      {
        "date" : 728591435.40177,
        "title" : "Untitled",
        "transform" : [
          0.9766569,
          -1.4186236e-08,
          -0.214805,
          0,
          -0.16070572,
          0.663533,
          -0.7306829,
          0,
          0.14253019,
          0.7481471,
          0.6480441,
          0,
          0.05357084,
          0.28104484,
          0.24357125,
          1
        ]
      },
      {
        "date" : 728591403.945342,
        "title" : "Untitled",
        "transform" : [
          0.7236014,
          -1.4446414e-08,
          -0.690218,
          0,
          -0.5576522,
          0.5892699,
          -0.5846239,
          0,
          0.4067246,
          0.80793625,
          0.4263965,
          0,
          0.15287982,
          0.3035177,
          0.16027407,
          1
        ]
      },
      {
        "date" : 728591394.381738,
        "title" : "Untitled",
        "transform" : [
          0.6946781,
          7.108447e-10,
          0.7193207,
          0,
          0.27219865,
          0.92563784,
          -0.26287362,
          0,
          -0.66583043,
          0.37841067,
          0.6430203,
          0,
          -0.25020853,
          0.1420927,
          0.24163684,
          1
        ]
      },
      {
        "date" : 728591327.324854,
        "title" : "Untitled",
        "transform" : [
          0.6767596,
          9.2949155e-12,
          0.7362041,
          0,
          0.3689708,
          0.865343,
          -0.33917844,
          0,
          -0.637069,
          0.50118005,
          0.58562917,
          0,
          -0.2394113,
          0.1882285,
          0.22008014,
          1
        ]
      },
      {
        "date" : 727906949.435271,
        "title" : "Untitled",
        "transform" : [
          1,
          0,
          -0,
          0,
          -0,
          0.8660254,
          -0.5,
          0,
          0,
          0.5,
          0.8660254,
          0,
          0,
          0.18778503,
          0.32545322,
          1
        ]
      }
    ]
  }
}